  0.00000e+00
  0.00000e+00
  0.00000e+00
  0.00000e+00
  0.00000e+00
  0.00000e+00
  0.00000e+00
  0.00000e+00
  1.62408e-05
  3.25369e-05
  4.88861e-05
  6.52884e-05
  8.17481e-05
  9.82757e-05
  1.14891e-04
  1.31627e-04
  1.48533e-04
  1.65679e-04
  1.83160e-04
  2.01096e-04
  2.19640e-04
  2.38977e-04
  2.59325e-04
  2.80939e-04
  3.04115e-04
  3.29184e-04
  3.56520e-04
  3.86537e-04
  4.19696e-04
  4.56496e-04
  4.97488e-04
  5.43266e-04
  5.94475e-04
  6.51810e-04
  7.16019e-04
  7.87907e-04
  8.68334e-04
  9.58223e-04
  1.05856e-03
  1.17039e-03
  1.29484e-03
  1.43310e-03
  1.58643e-03
  1.75617e-03
  1.94376e-03
  2.15070e-03
  2.37859e-03
  2.62910e-03
  2.90402e-03
  3.20521e-03
  3.53465e-03
  3.89440e-03
  4.28664e-03
  4.71367e-03
  5.17787e-03
  5.68178e-03
  6.22805e-03
  6.81945e-03
  7.45892e-03
  8.14952e-03
  8.89450e-03
  9.69724e-03
  1.05613e-02
  1.14905e-02
  1.24888e-02
  1.35603e-02
  1.47094e-02
  1.59408e-02
  1.72593e-02
  1.86699e-02
  2.01782e-02
  2.17896e-02
  2.35102e-02
  2.53462e-02
  2.73040e-02
  2.93906e-02
  3.16132e-02
  3.39793e-02
  3.64967e-02
  3.91737e-02
  4.20191e-02
  4.50418e-02
  4.82514e-02
  5.16576e-02
  5.52710e-02
  5.91022e-02
  6.31627e-02
  6.74644e-02
  7.20195e-02
  7.68412e-02
  8.19431e-02
  8.73396e-02
  9.30457e-02
  9.90775e-02
  1.05452e-01
  1.12186e-01
  1.19300e-01
  1.26814e-01
  1.34749e-01
  1.43129e-01
  1.51978e-01
  1.61323e-01
  1.71192e-01
  1.81617e-01
  1.92629e-01
  2.04262e-01
  2.16552e-01
  2.29536e-01
  2.43252e-01
  2.57737e-01
  2.73032e-01
  2.89175e-01
  3.06206e-01
  3.24162e-01
  3.43083e-01
  3.63008e-01
  3.83975e-01
  4.06022e-01
  4.29188e-01
  4.53512e-01
  4.79031e-01
  5.05784e-01
  5.33809e-01
  5.63144e-01
  5.93825e-01
  6.25890e-01
  6.59375e-01
  6.94316e-01
  7.30752e-01
  7.68719e-01
  8.08258e-01
  8.49411e-01
  8.92226e-01
  9.36756e-01
  9.83062e-01
  1.03121e+00
  1.08130e+00
  1.13341e+00
  1.18766e+00
  1.24419e+00
  1.30316e+00
  1.36474e+00
  1.42914e+00
  1.49661e+00
  1.56740e+00
  1.64183e+00
  1.72022e+00
  1.80294e+00
  1.89039e+00
  1.98300e+00
  2.08120e+00
  2.18546e+00
  2.29621e+00
  2.41391e+00
  2.53895e+00
  2.67167e+00
  2.81237e+00
  2.96124e+00
  3.11841e+00
  3.28390e+00
  3.45766e+00
  3.63958e+00
  3.82947e+00
  4.02713e+00
  4.23231e+00
  4.44478e+00
  4.66429e+00
  4.89062e+00
  5.12355e+00
  5.36290e+00
  5.60851e+00
  5.86021e+00
  6.11790e+00
  6.38147e+00
  6.65082e+00
  6.92589e+00
  7.20661e+00
  7.49295e+00
  7.78486e+00
  8.08231e+00
  8.38530e+00
  8.69380e+00
  9.00780e+00
  9.32731e+00
  9.65233e+00
  9.98285e+00
  1.03189e+01
  1.06605e+01
  1.10076e+01
  1.13603e+01
  1.17185e+01
  1.20823e+01
  1.24518e+01
  1.28269e+01
  1.32076e+01
  1.35941e+01
  1.39862e+01
  1.43841e+01
  1.47877e+01
  1.51971e+01
  1.56123e+01
  1.60334e+01
  1.64603e+01
  1.68932e+01
  1.73320e+01
  1.77767e+01
  1.82275e+01
  1.86843e+01
  1.91472e+01
  1.96161e+01
  2.00913e+01
  2.05726e+01
  2.10601e+01
  2.15539e+01
  2.20540e+01
  2.25604e+01
  2.30732e+01
  2.35924e+01
  2.41181e+01
  2.46503e+01
  2.51890e+01
  2.57344e+01
  2.62863e+01
  2.68450e+01
  2.74103e+01
  2.79825e+01
  2.85614e+01
  2.91473e+01
  2.97400e+01
  3.03397e+01
  3.09464e+01
  3.15602e+01
  3.21811e+01
  3.28092e+01
  3.34445e+01
  3.40870e+01
  3.47369e+01
  3.53941e+01
  3.60588e+01
  3.67310e+01
  3.74107e+01
  3.80979e+01
  3.87929e+01
  3.94955e+01
  4.02059e+01
  4.09241e+01
  4.16502e+01
  4.23842e+01
  4.31262e+01
  4.38762e+01
  4.46343e+01
  4.54006e+01
  4.61752e+01
  4.69580e+01
  4.77492e+01
  4.85487e+01
  4.93568e+01
  5.01733e+01
  5.09985e+01
  5.18323e+01
  5.26748e+01
  5.35261e+01
  5.43862e+01
  5.52553e+01
  5.61333e+01
  5.70203e+01
  5.79165e+01
  5.88218e+01
  5.97363e+01
  6.06602e+01
  6.15934e+01
  6.25360e+01
  6.34881e+01
  6.44498e+01
  6.54211e+01
  6.64021e+01
  6.73929e+01
  6.83935e+01
  6.94040e+01
  7.04245e+01
  7.14550e+01
  7.24956e+01
  7.35464e+01
  7.46074e+01
  7.56788e+01
  7.67605e+01
  7.78527e+01
  7.89555e+01
  8.00688e+01
  8.11928e+01
  8.23276e+01
  8.34732e+01
  8.46297e+01
  8.57971e+01
  8.69756e+01
  8.81652e+01
  8.93659e+01
  9.05780e+01
  9.18013e+01
  9.30361e+01
  9.42824e+01
  9.55402e+01
  9.68096e+01
  9.80908e+01
  9.93837e+01
  1.00688e+02
  1.02005e+02
  1.03334e+02
  1.04675e+02
  1.06028e+02
  1.07393e+02
  1.08771e+02
  1.10161e+02
  1.11563e+02
  1.12978e+02
  1.14406e+02
  1.15846e+02
  1.17299e+02
  1.18765e+02
  1.20244e+02
  1.21736e+02
  1.23241e+02
  1.24760e+02
  1.26291e+02
  1.27836e+02
  1.29395e+02
  1.30967e+02
  1.32552e+02
  1.34151e+02
  1.35764e+02
  1.37391e+02
  1.39032e+02
  1.40687e+02
  1.42355e+02
  1.44038e+02
  1.45736e+02
  1.47447e+02
  1.49174e+02
  1.50914e+02
  1.52669e+02
  1.54439e+02
  1.56224e+02
  1.58023e+02
  1.59838e+02
  1.61668e+02
  1.63512e+02
  1.65372e+02
  1.67247e+02
  1.69138e+02
  1.71044e+02
  1.72965e+02
  1.74902e+02
  1.76855e+02
  1.78824e+02
  1.80809e+02
  1.82809e+02
  1.84826e+02
  1.86859e+02
  1.88908e+02
  1.90976e+02
  1.93060e+02
  1.95158e+02
  1.97274e+02
  1.99406e+02
  2.01554e+02
  2.03720e+02
  2.05903e+02
  2.08102e+02
  2.10319e+02
  2.12553e+02
  2.14805e+02
  2.17069e+02
  2.19356e+02
  2.21660e+02
  2.23981e+02
  2.26321e+02
  2.28679e+02
  2.31054e+02
  2.33448e+02
  2.35860e+02
  2.38290e+02
  2.40739e+02
  2.43206e+02
  2.45692e+02
  2.48196e+02
  2.50719e+02
  2.53262e+02
  2.55823e+02
  2.58403e+02
  2.61002e+02
  2.63621e+02
  2.66259e+02
  2.68916e+02
  2.71593e+02
  2.74290e+02
  2.77006e+02
  2.79742e+02
  2.82499e+02
  2.85275e+02
  2.88071e+02
  2.90888e+02
  2.93725e+02
  2.96583e+02
  2.99461e+02
  3.02360e+02
  3.05279e+02
  3.08220e+02
  3.11181e+02
  3.14164e+02
  3.17167e+02
  3.20192e+02
  3.23238e+02
  3.26306e+02
  3.29396e+02
  3.32507e+02
  3.35640e+02
  3.38794e+02
  3.41971e+02
  3.45170e+02
  3.48391e+02
  3.51634e+02
  3.54900e+02
  3.58189e+02
  3.61500e+02
  3.64833e+02
  3.68190e+02
  3.71570e+02
  3.74972e+02
  3.78398e+02
  3.81847e+02
  3.85320e+02
  3.88816e+02
  3.92335e+02
  3.95878e+02
  3.99445e+02
  4.03036e+02
  4.06652e+02
  4.10291e+02
  4.13954e+02
  4.17642e+02
  4.21354e+02
  4.25091e+02
  4.28853e+02
  4.32639e+02
  4.36451e+02
  4.40287e+02
  4.44149e+02
  4.48035e+02
  4.51947e+02
  4.55885e+02
  4.59848e+02
  4.63837e+02
  4.67852e+02
  4.71893e+02
  4.75959e+02
  4.80052e+02
  4.84171e+02
  4.88317e+02
  4.92489e+02
  4.96688e+02
  5.00913e+02
  5.05165e+02
  5.09445e+02
  5.13751e+02
  5.18085e+02
  5.22445e+02
  5.26834e+02
  5.31250e+02
  5.35693e+02
  5.40164e+02
  5.44663e+02
  5.49191e+02
  5.53750e+02
  5.58330e+02
  5.62942e+02
  5.67582e+02
  5.72251e+02
  5.76949e+02
  5.81676e+02
  5.86431e+02
  5.91216e+02
  5.96030e+02
  6.00873e+02
  6.05746e+02
  6.10649e+02
  6.15581e+02
  6.20542e+02
  6.25534e+02
  6.30556e+02
  6.35608e+02
  6.40691e+02
  6.45803e+02
  6.50947e+02
  6.56121e+02
  6.61326e+02
  6.66562e+02
  6.71828e+02
  6.77126e+02
  6.82456e+02
  6.87816e+02
  6.93209e+02
  6.98633e+02
  7.04089e+02
  7.09576e+02
  7.15096e+02
  7.20648e+02
  7.26232e+02
  7.31849e+02
  7.37498e+02
  7.43180e+02
  7.48895e+02
  7.54643e+02
  7.60424e+02
  7.66238e+02
  7.72085e+02
  7.77966e+02
  7.83880e+02
  7.89828e+02
  7.95810e+02
  8.01826e+02
  8.07876e+02
  8.13961e+02
  8.20080e+02
  8.26233e+02
  8.32421e+02
  8.38643e+02
  8.44901e+02
  8.51193e+02
  8.57521e+02
  8.63884e+02
  8.70282e+02
  8.76716e+02
  8.83186e+02
  8.89692e+02
  8.96233e+02
  9.02811e+02
  9.09425e+02
  9.16075e+02
  9.22761e+02
  9.29485e+02
  9.36245e+02
  9.43042e+02
  9.49876e+02
  9.56747e+02
  9.63656e+02
  9.70602e+02
  9.77585e+02
  9.84607e+02
  9.91666e+02
  9.98763e+02
  1.00590e+03
  1.01307e+03
  1.02028e+03
  1.02753e+03
  1.03482e+03
  1.04215e+03
  1.04952e+03
  1.05693e+03
  1.06437e+03
  1.07186e+03
  1.07938e+03
  1.08694e+03
  1.09455e+03
  1.10219e+03
  1.10988e+03
  1.11760e+03
  1.12536e+03
  1.13317e+03
  1.14101e+03
  1.14890e+03
  1.15683e+03
  1.16480e+03
  1.17281e+03
  1.18086e+03
  1.18895e+03
  1.19709e+03
  1.20526e+03
  1.21348e+03
  1.22174e+03
  1.23004e+03
  1.23839e+03
  1.24677e+03
  1.25520e+03
  1.26368e+03
  1.27219e+03
  1.28075e+03
  1.28935e+03
  1.29800e+03
  1.30669e+03
  1.31542e+03
  1.32420e+03
  1.33302e+03
  1.34188e+03
  1.35079e+03
  1.35975e+03
  1.36875e+03
  1.37779e+03
  1.38688e+03
  1.39601e+03
  1.40519e+03
  1.41441e+03
  1.42368e+03
  1.43300e+03
  1.44236e+03
  1.45176e+03
  1.46122e+03
  1.47071e+03
  1.48026e+03
  1.48985e+03
  1.49949e+03
  1.50918e+03
  1.51891e+03
  1.52869e+03
  1.53851e+03
  1.54839e+03
  1.55831e+03
  1.56828e+03
  1.57830e+03
  1.58836e+03
  1.59848e+03
  1.60864e+03
  1.61885e+03
  1.62911e+03
  1.63942e+03
  1.64978e+03
  1.66019e+03
  1.67064e+03
  1.68115e+03
  1.69170e+03
  1.70231e+03
  1.71296e+03
  1.72367e+03
  1.73443e+03
  1.74523e+03
  1.75609e+03
  1.76700e+03
  1.77795e+03
  1.78896e+03
  1.80003e+03
  1.81114e+03
  1.82230e+03
  1.83352e+03
  1.84478e+03
  1.85610e+03
  1.86748e+03
  1.87890e+03
  1.89038e+03
  1.90191e+03
  1.91349e+03
  1.92512e+03
  1.93681e+03
  1.94855e+03
  1.96035e+03
  1.97220e+03
  1.98410e+03
  1.99606e+03
  2.00807e+03
  2.02013e+03
  2.03225e+03
  2.04443e+03
  2.05666e+03
  2.06894e+03
  2.08128e+03
  2.09368e+03
  2.10613e+03
  2.11863e+03
  2.13120e+03
  2.14381e+03
  2.15649e+03
  2.16922e+03
  2.18201e+03
  2.19485e+03
  2.20775e+03
  2.22071e+03
  2.23372e+03
  2.24679e+03
  2.25992e+03
  2.27311e+03
  2.28635e+03
  2.29966e+03
  2.31302e+03
  2.32644e+03
  2.33992e+03
  2.35345e+03
  2.36705e+03
  2.38070e+03
  2.39442e+03
  2.40819e+03
  2.42202e+03
  2.43592e+03
  2.44987e+03
  2.46388e+03
  2.47796e+03
  2.49209e+03
  2.50628e+03
  2.52054e+03
  2.53485e+03
  2.54923e+03
  2.56367e+03
  2.57817e+03
  2.59273e+03
  2.60735e+03
  2.62204e+03
  2.63678e+03
  2.65159e+03
  2.66647e+03
  2.68140e+03
  2.69640e+03
  2.71146e+03
  2.72658e+03
  2.74177e+03
  2.75702e+03
  2.77234e+03
  2.78772e+03
  2.80316e+03
  2.81867e+03
  2.83424e+03
  2.84988e+03
  2.86558e+03
  2.88134e+03
  2.89718e+03
  2.91307e+03
  2.92904e+03
  2.94506e+03
  2.96116e+03
  2.97732e+03
  2.99355e+03
  3.00984e+03
  3.02620e+03
  3.04263e+03
  3.05912e+03
  3.07568e+03
  3.09231e+03
  3.10901e+03
  3.12577e+03
  3.14260e+03
  3.15950e+03
  3.17647e+03
  3.19351e+03
  3.21061e+03
  3.22779e+03
  3.24503e+03
  3.26234e+03
  3.27973e+03
  3.29718e+03
  3.31470e+03
  3.33229e+03
  3.34995e+03
  3.36768e+03
  3.38549e+03
  3.40336e+03
  3.42130e+03
  3.43932e+03
  3.45741e+03
  3.47557e+03
  3.49380e+03
  3.51210e+03
  3.53047e+03
  3.54892e+03
  3.56744e+03
  3.58603e+03
  3.60469e+03
  3.62343e+03
  3.64224e+03
  3.66112e+03
  3.68008e+03
  3.69911e+03
  3.71822e+03
  3.73740e+03
  3.75665e+03
  3.77598e+03
  3.79538e+03
  3.81486e+03
  3.83441e+03
  3.85404e+03
  3.87375e+03
  3.89353e+03
  3.91338e+03
  3.93331e+03
  3.95332e+03
  3.97341e+03
  3.99357e+03
  4.01381e+03
  4.03412e+03
  4.05452e+03
  4.07499e+03
  4.09553e+03
  4.11616e+03
  4.13686e+03
  4.15765e+03
  4.17851e+03
  4.19945e+03
  4.22046e+03
  4.24156e+03
  4.26274e+03
  4.28399e+03
  4.30533e+03
  4.32674e+03
  4.34824e+03
  4.36982e+03
  0.00000e+00
  0.00000e+00
  0.00000e+00
  0.00000e+00
  0.00000e+00
  0.00000e+00
  0.00000e+00
  0.00000e+00
  1.05884e-05
  2.11861e-05
  3.17910e-05
  4.24014e-05
  5.30167e-05
  6.36362e-05
  7.42603e-05
  8.48903e-05
  9.55287e-05
  1.06180e-04
  1.16851e-04
  1.27553e-04
  1.38299e-04
  1.49107e-04
  1.60001e-04
  1.71011e-04
  1.82172e-04
  1.93529e-04
  2.05130e-04
  2.17036e-04
  2.29314e-04
  2.42041e-04
  2.55304e-04
  2.69199e-04
  2.83836e-04
  2.99333e-04
  3.15823e-04
  3.33449e-04
  3.52370e-04
  3.72757e-04
  3.94798e-04
  4.18695e-04
  4.44667e-04
  4.72951e-04
  5.03801e-04
  5.37491e-04
  5.74315e-04
  6.14587e-04
  6.58644e-04
  7.06844e-04
  7.59569e-04
  8.17225e-04
  8.80241e-04
  9.49071e-04
  1.02420e-03
  1.10613e-03
  1.19539e-03
  1.29255e-03
  1.39819e-03
  1.51293e-03
  1.63742e-03
  1.77233e-03
  1.91836e-03
  2.07626e-03
  2.24679e-03
  2.43075e-03
  2.62900e-03
  2.84240e-03
  3.07187e-03
  3.31837e-03
  3.58288e-03
  3.86645e-03
  4.17017e-03
  4.49516e-03
  4.84259e-03
  5.21371e-03
  5.60980e-03
  6.03218e-03
  6.48226e-03
  6.96150e-03
  7.47139e-03
  8.01350e-03
  8.58957e-03
  9.20122e-03
  9.85026e-03
  1.05385e-02
  1.12680e-02
  1.20407e-02
  1.28588e-02
  1.37243e-02
  1.46397e-02
  1.56072e-02
  1.66294e-02
  1.77089e-02
  1.88484e-02
  2.00507e-02
  2.13188e-02
  2.26557e-02
  2.40649e-02
  2.55497e-02
  2.71136e-02
  2.87606e-02
  3.04947e-02
  3.23202e-02
  3.42414e-02
  3.62632e-02
  3.83905e-02
  4.06286e-02
  4.29830e-02
  4.54594e-02
  4.80636e-02
  5.08018e-02
  5.36803e-02
  5.67053e-02
  5.98836e-02
  6.32217e-02
  6.67265e-02
  7.04050e-02
  7.42642e-02
  7.83116e-02
  8.25545e-02
  8.70007e-02
  9.16579e-02
  9.65344e-02
  1.01638e-01
  1.06978e-01
  1.12562e-01
  1.18399e-01
  1.24498e-01
  1.30868e-01
  1.37519e-01
  1.44459e-01
  1.51699e-01
  1.59248e-01
  1.67117e-01
  1.75314e-01
  1.83851e-01
  1.92739e-01
  2.01989e-01
  2.11612e-01
  2.21621e-01
  2.32029e-01
  2.42850e-01
  2.54099e-01
  2.65792e-01
  2.77946e-01
  2.90580e-01
  3.03715e-01
  3.17373e-01
  3.31579e-01
  3.46360e-01
  3.61746e-01
  3.77767e-01
  3.94459e-01
  4.11858e-01
  4.30003e-01
  4.48936e-01
  4.68701e-01
  4.89342e-01
  5.10905e-01
  5.33437e-01
  5.56983e-01
  5.81590e-01
  6.07301e-01
  6.34161e-01
  6.62209e-01
  6.91486e-01
  7.22028e-01
  7.53872e-01
  7.87050e-01
  8.21596e-01
  8.57539e-01
  8.94908e-01
  9.33732e-01
  9.74037e-01
  1.01585e+00
  1.05919e+00
  1.10409e+00
  1.15057e+00
  1.19865e+00
  1.24835e+00
  1.29970e+00
  1.35272e+00
  1.40742e+00
  1.46384e+00
  1.52199e+00
  1.58189e+00
  1.64356e+00
  1.70702e+00
  1.77230e+00
  1.83940e+00
  1.90836e+00
  1.97919e+00
  2.05191e+00
  2.12653e+00
  2.20309e+00
  2.28160e+00
  2.36207e+00
  2.44453e+00
  2.52899e+00
  2.61548e+00
  2.70401e+00
  2.79460e+00
  2.88727e+00
  2.98204e+00
  3.07893e+00
  3.17796e+00
  3.27914e+00
  3.38249e+00
  3.48804e+00
  3.59579e+00
  3.70578e+00
  3.81801e+00
  3.93251e+00
  4.04930e+00
  4.16838e+00
  4.28979e+00
  4.41355e+00
  4.53966e+00
  4.66815e+00
  4.79903e+00
  4.93233e+00
  5.06806e+00
  5.20625e+00
  5.34691e+00
  5.49006e+00
  5.63571e+00
  5.78390e+00
  5.93463e+00
  6.08793e+00
  6.24381e+00
  6.40229e+00
  6.56340e+00
  6.72715e+00
  6.89356e+00
  7.06265e+00
  7.23444e+00
  7.40895e+00
  7.58620e+00
  7.76620e+00
  7.94899e+00
  8.13456e+00
  8.32296e+00
  8.51419e+00
  8.70828e+00
  8.90524e+00
  9.10510e+00
  9.30787e+00
  9.51358e+00
  9.72224e+00
  9.93388e+00
  1.01485e+01
  1.03662e+01
  1.05869e+01
  1.08106e+01
  1.10374e+01
  1.12674e+01
  1.15004e+01
  1.17366e+01
  1.19759e+01
  1.22184e+01
  1.24642e+01
  1.27131e+01
  1.29653e+01
  1.32208e+01
  1.34795e+01
  1.37416e+01
  1.40070e+01
  1.42757e+01
  1.45478e+01
  1.48233e+01
  1.51022e+01
  1.53846e+01
  1.56704e+01
  1.59597e+01
  1.62526e+01
  1.65489e+01
  1.68488e+01
  1.71522e+01
  1.74593e+01
  1.77700e+01
  1.80843e+01
  1.84023e+01
  1.87239e+01
  1.90493e+01
  1.93784e+01
  1.97112e+01
  2.00479e+01
  2.03883e+01
  2.07326e+01
  2.10807e+01
  2.14326e+01
  2.17885e+01
  2.21483e+01
  2.25120e+01
  2.28797e+01
  2.32514e+01
  2.36271e+01
  2.40068e+01
  2.43906e+01
  2.47785e+01
  2.51705e+01
  2.55666e+01
  2.59669e+01
  2.63714e+01
  2.67801e+01
  2.71930e+01
  2.76102e+01
  2.80316e+01
  2.84574e+01
  2.88875e+01
  2.93219e+01
  2.97608e+01
  3.02040e+01
  3.06517e+01
  3.11039e+01
  3.15605e+01
  3.20216e+01
  3.24873e+01
  3.29576e+01
  3.34324e+01
  3.39119e+01
  3.43960e+01
  3.48847e+01
  3.53782e+01
  3.58764e+01
  3.63793e+01
  3.68870e+01
  3.73995e+01
  3.79168e+01
  3.84390e+01
  3.89661e+01
  3.94981e+01
  4.00350e+01
  4.05769e+01
  4.11237e+01
  4.16756e+01
  4.22325e+01
  4.27945e+01
  4.33616e+01
  4.39339e+01
  4.45112e+01
  4.50938e+01
  4.56816e+01
  4.62746e+01
  4.68729e+01
  4.74765e+01
  4.80854e+01
  4.86997e+01
  4.93193e+01
  4.99444e+01
  5.05749e+01
  5.12108e+01
  5.18523e+01
  5.24993e+01
  5.31518e+01
  5.38100e+01
  5.44737e+01
  5.51431e+01
  5.58181e+01
  5.64989e+01
  5.71854e+01
  5.78776e+01
  5.85757e+01
  5.92795e+01
  5.99892e+01
  6.07048e+01
  6.14279e+01
  6.21554e+01
  6.28888e+01
  6.36282e+01
  6.43737e+01
  6.51252e+01
  6.58828e+01
  6.66466e+01
  6.74164e+01
  6.81925e+01
  6.89748e+01
  6.97624e+01
  7.05563e+01
  7.13574e+01
  7.21648e+01
  7.29786e+01
  7.37988e+01
  7.46255e+01
  7.54586e+01
  7.62982e+01
  7.71443e+01
  7.79970e+01
  7.88563e+01
  7.97223e+01
  8.05948e+01
  8.14741e+01
  8.23601e+01
  8.32528e+01
  8.41524e+01
  8.50587e+01
  8.59719e+01
  8.68920e+01
  8.78190e+01
  8.87529e+01
  8.96939e+01
  9.06418e+01
  9.15968e+01
  9.25589e+01
  9.35281e+01
  9.45045e+01
  9.54880e+01
  9.64788e+01
  9.74768e+01
  9.84821e+01
  9.94947e+01
  1.00515e+02
  1.01542e+02
  1.02577e+02
  1.03619e+02
  1.04669e+02
  1.05726e+02
  1.06791e+02
  1.07863e+02
  1.08943e+02
  1.10031e+02
  1.11126e+02
  1.12229e+02
  1.13340e+02
  1.14459e+02
  1.15585e+02
  1.16720e+02
  1.17862e+02
  1.19012e+02
  1.20170e+02
  1.21336e+02
  1.22511e+02
  1.23693e+02
  1.24883e+02
  1.26082e+02
  1.27289e+02
  1.28504e+02
  1.29727e+02
  1.30959e+02
  1.32199e+02
  1.33447e+02
  1.34704e+02
  1.35969e+02
  1.37242e+02
  1.38525e+02
  1.39815e+02
  1.41115e+02
  1.42423e+02
  1.43739e+02
  1.45064e+02
  1.46399e+02
  1.47741e+02
  1.49093e+02
  1.50453e+02
  1.51823e+02
  1.53201e+02
  1.54588e+02
  1.55985e+02
  1.57390e+02
  1.58805e+02
  1.60228e+02
  1.61661e+02
  1.63103e+02
  1.64554e+02
  1.66014e+02
  1.67484e+02
  1.68963e+02
  1.70451e+02
  1.71949e+02
  1.73456e+02
  1.74973e+02
  1.76500e+02
  1.78036e+02
  1.79581e+02
  1.81136e+02
  1.82701e+02
  1.84276e+02
  1.85860e+02
  1.87455e+02
  1.89059e+02
  1.90673e+02
  1.92297e+02
  1.93931e+02
  1.95575e+02
  1.97229e+02
  1.98893e+02
  2.00567e+02
  2.02252e+02
  2.03946e+02
  2.05651e+02
  2.07366e+02
  2.09092e+02
  2.10828e+02
  2.12574e+02
  2.14331e+02
  2.16098e+02
  2.17876e+02
  2.19665e+02
  2.21464e+02
  2.23274e+02
  2.25094e+02
  2.26925e+02
  2.28767e+02
  2.30620e+02
  2.32484e+02
  2.34359e+02
  2.36244e+02
  2.38141e+02
  2.40048e+02
  2.41967e+02
  2.43897e+02
  2.45838e+02
  2.47790e+02
  2.49754e+02
  2.51729e+02
  2.53715e+02
  2.55713e+02
  2.57722e+02
  2.59742e+02
  2.61774e+02
  2.63818e+02
  2.65873e+02
  2.67939e+02
  2.70018e+02
  2.72108e+02
  2.74210e+02
  2.76324e+02
  2.78450e+02
  2.80587e+02
  2.82737e+02
  2.84898e+02
  2.87072e+02
  2.89257e+02
  2.91455e+02
  2.93665e+02
  2.95887e+02
  2.98122e+02
  3.00368e+02
  3.02628e+02
  3.04899e+02
  3.07183e+02
  3.09479e+02
  3.11788e+02
  3.14110e+02
  3.16444e+02
  3.18791e+02
  3.21150e+02
  3.23522e+02
  3.25907e+02
  3.28305e+02
  3.30716e+02
  3.33140e+02
  3.35577e+02
  3.38026e+02
  3.40489e+02
  3.42965e+02
  3.45454e+02
  3.47957e+02
  3.50472e+02
  3.53001e+02
  3.55543e+02
  3.58099e+02
  3.60668e+02
  3.63251e+02
  3.65847e+02
  3.68456e+02
  3.71080e+02
  3.73717e+02
  3.76368e+02
  3.79032e+02
  3.81711e+02
  3.84403e+02
  3.87109e+02
  3.89829e+02
  3.92563e+02
  3.95311e+02
  3.98074e+02
  4.00850e+02
  4.03641e+02
  4.06446e+02
  4.09265e+02
  4.12099e+02
  4.14947e+02
  4.17809e+02
  4.20686e+02
  4.23578e+02
  4.26484e+02
  4.29404e+02
  4.32340e+02
  4.35290e+02
  4.38255e+02
  4.41235e+02
  4.44229e+02
  4.47239e+02
  4.50264e+02
  4.53303e+02
  4.56358e+02
  4.59428e+02
  4.62513e+02
  4.65613e+02
  4.68729e+02
  4.71859e+02
  4.75006e+02
  4.78167e+02
  4.81345e+02
  4.84537e+02
  4.87746e+02
  4.90970e+02
  4.94209e+02
  4.97465e+02
  5.00736e+02
  5.04023e+02
  5.07326e+02
  5.10645e+02
  5.13979e+02
  5.17330e+02
  5.20697e+02
  5.24080e+02
  5.27480e+02
  5.30895e+02
  5.34327e+02
  5.37775e+02
  5.41240e+02
  5.44721e+02
  5.48218e+02
  5.51733e+02
  5.55263e+02
  5.58811e+02
  5.62375e+02
  5.65956e+02
  5.69554e+02
  5.73168e+02
  5.76800e+02
  5.80448e+02
  5.84114e+02
  5.87796e+02
  5.91496e+02
  5.95213e+02
  5.98947e+02
  6.02699e+02
  6.06467e+02
  6.10254e+02
  6.14057e+02
  6.17879e+02
  6.21717e+02
  6.25574e+02
  6.29448e+02
  6.33340e+02
  6.37249e+02
  6.41177e+02
  6.45122e+02
  6.49085e+02
  6.53066e+02
  6.57066e+02
  6.61083e+02
  6.65118e+02
  6.69172e+02
  6.73244e+02
  6.77335e+02
  6.81443e+02
  6.85570e+02
  6.89716e+02
  6.93880e+02
  6.98063e+02
  7.02264e+02
  7.06485e+02
  7.10723e+02
  7.14981e+02
  7.19258e+02
  7.23553e+02
  7.27868e+02
  7.32201e+02
  7.36554e+02
  7.40926e+02
  7.45317e+02
  7.49727e+02
  7.54157e+02
  7.58606e+02
  7.63074e+02
  7.67562e+02
  7.72069e+02
  7.76597e+02
  7.81143e+02
  7.85710e+02
  7.90296e+02
  7.94902e+02
  7.99528e+02
  8.04174e+02
  8.08840e+02
  8.13526e+02
  8.18232e+02
  8.22958e+02
  8.27705e+02
  8.32471e+02
  8.37259e+02
  8.42066e+02
  8.46894e+02
  8.51743e+02
  8.56612e+02
  8.61502e+02
  8.66412e+02
  8.71343e+02
  8.76295e+02
  8.81268e+02
  8.86262e+02
  8.91277e+02
  8.96313e+02
  9.01370e+02
  9.06448e+02
  9.11548e+02
  9.16668e+02
  9.21810e+02
  9.26974e+02
  9.32159e+02
  9.37365e+02
  9.42593e+02
  9.47843e+02
  9.53114e+02
  9.58407e+02
  9.63722e+02
  9.69059e+02
  9.74418e+02
  9.79799e+02
  9.85201e+02
  9.90626e+02
  9.96074e+02
  1.00154e+03
  1.00703e+03
  1.01255e+03
  1.01809e+03
  1.02364e+03
  1.02923e+03
  1.03483e+03
  1.04046e+03
  1.04611e+03
  1.05178e+03
  1.05747e+03
  1.06319e+03
  1.06893e+03
  1.07470e+03
  1.08048e+03
  1.08629e+03
  1.09213e+03
  1.09799e+03
  1.10387e+03
  1.10977e+03
  1.11570e+03
  1.12165e+03
  1.12762e+03
  1.13362e+03
  1.13964e+03
  1.14569e+03
  1.15176e+03
  1.15785e+03
  1.16397e+03
  1.17011e+03
  1.17627e+03
  1.18246e+03
  1.18868e+03
  1.19491e+03
  1.20118e+03
  1.20746e+03
  1.21377e+03
  1.22011e+03
  1.22647e+03
  1.23285e+03
  1.23926e+03
  1.24570e+03
  1.25216e+03
  1.25864e+03
  1.26515e+03
  1.27169e+03
  1.27825e+03
  1.28483e+03
  1.29144e+03
  1.29808e+03
  1.30474e+03
  1.31142e+03
  1.31813e+03
  1.32487e+03
  1.33163e+03
  1.33842e+03
  1.34524e+03
  1.35208e+03
  1.35894e+03
  1.36583e+03
  1.37275e+03
  1.37970e+03
  1.38667e+03
  1.39366e+03
  1.40069e+03
  1.40773e+03
  1.41481e+03
  1.42191e+03
  1.42904e+03
  1.43620e+03
  1.44338e+03
  1.45059e+03
  1.45782e+03
  1.46508e+03
  1.47237e+03
