    1.231917E-08    2.463835E-08    3.695752E-08    4.927669E-08
    6.159587E-08    7.391504E-08    8.623422E-08    9.855339E-08
    1.108726E-07    1.231917E-07    1.355109E-07    1.478301E-07
    1.601493E-07    1.724684E-07    1.847876E-07    1.971068E-07
    2.094259E-07    4.780645E-07    7.467030E-07    1.442697E-06
    2.138690E-06    3.671186E-06    5.203681E-06    8.189825E-06
    1.117597E-05    1.647371E-05    2.177146E-05    3.050694E-05
    3.924242E-05    5.283648E-05    6.643053E-05    8.662984E-05
    1.068291E-04    1.357477E-04    1.646663E-04    2.048433E-04
    2.450203E-04    2.994996E-04    3.539789E-04    4.264150E-04
    4.988512E-04    5.936415E-04    6.884319E-04    8.108672E-04
    9.333024E-04    1.089704E-03    1.246106E-03    1.443896E-03
    1.641685E-03    1.889300E-03    2.136915E-03    2.443537E-03
    2.750159E-03    3.125328E-03    3.500498E-03    3.953840E-03
    4.407182E-03    4.948421E-03    5.489660E-03    6.128916E-03
    6.768171E-03    7.516355E-03    8.264540E-03    9.133720E-03
    1.000290E-02    1.100658E-02    1.201025E-02    1.316357E-02
    1.431689E-02    1.563685E-02    1.695681E-02    1.846244E-02
    1.996807E-02    2.168066E-02    2.339325E-02    2.533654E-02
    2.727984E-02    2.948034E-02    3.168083E-02    3.416799E-02
    3.665515E-02    3.946174E-02    4.226832E-02    4.543068E-02
    4.859304E-02    5.215144E-02    5.570984E-02    5.970879E-02
    6.370774E-02    6.819636E-02    7.268497E-02    7.771732E-02
    8.274967E-02    8.838513E-02    9.402058E-02    1.003242E-01
    1.066277E-01    1.136705E-01    1.207132E-01    1.285723E-01
    1.364315E-01    1.451908E-01    1.539502E-01    1.637004E-01
    1.734506E-01    1.842889E-01    1.951273E-01    2.071581E-01
    2.191889E-01    2.325231E-01    2.458573E-01    2.606122E-01
    2.753671E-01    2.916659E-01    3.079647E-01    3.259358E-01
    3.439067E-01    3.636822E-01    3.834575E-01    4.051721E-01
    4.268867E-01    4.506761E-01    4.744655E-01    5.004638E-01
    5.264622E-01    5.547999E-01    5.831376E-01    6.139382E-01
    6.447389E-01    6.781164E-01    7.114939E-01    7.475495E-01
    7.836050E-01    8.224237E-01    8.612424E-01    9.028907E-01
    9.445391E-01    9.890625E-01        1.033586        1.081007
        1.128428        1.178746        1.229064        1.282255
        1.335445        1.391460        1.447475        1.506247
        1.565019        1.626461        1.687903        1.751912
        1.815921        1.882382        1.948844        2.017634
        2.086424        2.157412        2.228401        2.301455
        2.374509        2.449496        2.524482        2.601270
        2.678057        2.756518        2.834979        2.914991
        2.995003        3.076448        3.157894        3.240665
        3.323435        6.682073       10.040710       10.249210
       10.457700       10.674090       10.890490       11.114980
       11.339470       11.572260       11.805050       12.046350
       12.287650       12.537670       12.787690       13.046640
       13.305580       13.573670       13.841760       14.119200
       14.396650       14.683670       14.970690       15.267500
       15.564320       15.871160       16.177990       16.495070
       16.812150       17.139710       17.467260       17.805520
       18.143770       18.492960       18.842160       19.202520
       19.562880       19.934640       20.306410       20.689830
       21.073240       21.468550       21.863850       22.271290
       22.678720       23.098540       23.518360       23.950800
       24.383240       24.828570       25.273890       25.732350
       26.190800       26.662650       27.134490       27.619990
       28.105480       28.604880       29.104270       29.617840
       30.131410       30.659420       31.187420       31.730130
       32.272830       32.830510       33.388190       33.961110
       34.534030       35.122470       35.710920       36.315150
       36.919390       37.539700       38.160010       38.796670
       39.433330       40.086640       40.739940       41.410170
       42.080390       42.767830       43.455270       44.160210
       44.865150       45.587890       46.310620       47.051450
       47.792270       48.551490       49.310700       50.088600
       50.866500       51.663380       52.460270       53.276460
       54.092650       54.928430       55.764210       56.619890
       57.475570       58.351470       59.227370       60.123810
       61.020240       61.937520       62.854790       63.793220
       64.731640       65.691570       66.651500       67.633220
       68.614960       69.618820       70.622680       71.648990
       72.675310       73.724410       74.773510       75.845730
       76.917950       78.013630       79.109300       80.228750
       81.348210       82.491790       83.635380       84.803420
       85.971470       87.164320       88.357180       89.575180
       90.793190       92.036690       93.280200       94.549550
       95.818910       97.114460       98.410020       99.732120
      101.054200      102.403300      103.752300      105.128600
      106.504900      107.908800      109.312700      110.744600
      112.176500      113.636800      115.097100      116.586000
      118.075000      119.593100      121.111200      122.658800
      124.206300      125.783700      127.361100      128.968800
      130.576400      132.214600      133.852800      135.522000
      137.191200      138.891800      140.592300      142.324600
      144.056900      145.821400      147.585800      149.382800
      151.179700      153.009600      154.839500      156.702700
      158.565900      160.462800      162.359700      164.290700
      166.221700      168.187300      170.152800      172.153200
      174.153700      176.189400      178.225200      180.296700
      182.368200      184.475800      186.583400      188.727600
      190.871800      193.053600      195.235400      197.453200
      199.671100      201.927500      204.183800      206.478400
      208.772900      211.106100      213.439300      215.811600
      218.183900      220.595700      223.007500      225.459200
      227.911000      230.403100      232.895200      235.428100
      237.961000      240.535100      243.109300      245.725100
      248.340900      250.998900      253.656900      256.357400
      259.057900      261.801500      264.545000      267.332000
      270.119000      272.949900      275.780900      278.656200
      281.531400      284.451600      287.371700      290.337100
      293.302500      296.313600      299.324800      302.382100
      305.439500      308.543500      311.647600      314.798700
      317.949900      321.148700      324.347500      327.594300
      330.841200      334.136600      337.432000      340.776500
      344.120900      347.514900      350.908800      354.352800
      357.796700      361.291100      364.785600      368.330900
      371.876300      375.473100      379.069900      382.718700
      386.367500      390.068700      393.769800      397.524000
      401.278100      405.085600      408.893100      412.754600
      416.616000      420.531900      424.447800      428.418600
      432.389400      436.415600      440.441800      444.524000
      448.606100      452.744800      456.883300      461.078900
      465.274500      469.527500      473.780500      478.091600
      482.402600      486.772200      491.141700      495.570300
      499.998800      504.487000      508.975100      513.523300
      518.071500      522.680400      527.289200      531.959200
      536.629200      541.360800      546.092400      550.886300
      555.680100      560.536700      565.393300      570.313200
      575.233100      580.216800      585.200500      590.248600
      595.296700      600.409700      605.522700      610.701200
      615.879600      621.124100      626.368700      631.679700
      636.990800      642.369000      647.747200      653.193100
      658.638900      664.153100      669.667200      675.250100
      680.833100      686.485400      692.137700      697.860000
      703.582200      709.375000      715.167700      721.031600
      726.895400      732.830900      738.766500      744.774200
      750.781900      756.862500      762.943000      769.096900
      775.250900      781.478800      787.706700      794.009200
      800.311600      806.689200      813.066800      819.520200
      825.973500      832.503200      839.032900      845.639500
      852.246100      858.930200      865.614300      872.376500
      879.138700      885.979700      892.820600      899.740900
      906.661200      913.661400      920.661600      927.742300
      934.823100      941.984900      949.146800      956.390400
      963.634000      970.960000      978.286000      985.695000
      993.104000     1000.597000     1008.089000     1015.666000
     1023.243000     1030.905000     1038.566000     1046.313000
     1054.061000     1061.894000     1069.727000     1077.647000
     1085.567000     1093.575000     1101.582000     1109.677000
     1117.773000     1125.957000     1134.141000     1142.414000
     1150.688000     1159.051000     1167.414000     1175.868000
     1184.322000     1192.867000     1201.411000     1210.048000
     1218.685000     1227.415000     1236.144000     1244.967000
     1253.789000     1262.706000     1271.622000     1280.633000
     1289.644000     1298.750000     1307.855000     1317.057000
     1326.259000     1335.557000     1344.855000     1354.251000
     1363.646000     1373.140000     1382.633000     1392.224000
     1401.816000     1411.507000     1421.198000     1430.988000
     1440.779000     1450.670000     1460.561000     1470.554000
     1480.546000     1490.640000     1500.734000     1510.931000
     1521.128000     1531.428000     1541.728000     1552.132000
     1562.536000     1573.044000     1583.553000     1594.167000
     1604.781000     1615.500000     1626.220000     1637.047000
     1647.873000     1658.807000     1669.741000     1680.784000
     1691.826000     1702.977000     1714.127000     1725.388000
     1736.648000     1748.019000     1759.390000     1770.871000
     1782.353000     1793.946000     1805.539000     1817.245000
     1828.951000     1840.770000     1852.588000     1864.521000
     1876.453000     1888.501000     1900.548000     1912.710000
     1924.873000     1937.151000     1949.429000     1961.824000
     1974.220000     1986.732000     1999.245000     2011.875000
     2024.506000     2037.256000     2050.006000     2062.875000
     2075.744000     2088.734000     2101.724000     2114.835000
     2127.946000     2141.179000     2154.412000     2167.767000
     2181.123000     2194.602000     2208.081000     2221.684000
     2235.287000     2249.015000     2262.743000     2276.596000
     2290.450000     2304.430000     2318.410000     2332.518000
     2346.625000     2360.860000     2375.095000     2389.459000
     2403.823000     2418.317000     2432.810000     2447.434000
     2462.058000     2476.812000     2491.567000     2506.454000
     2521.340000     2536.359000     2551.378000     2566.531000
     2581.684000     2596.970000     2612.257000     2627.679000
     2643.100000     2658.658000     2674.215000     2689.909000
     2705.603000     2721.434000     2737.265000     2753.234000
     2769.204000     2785.312000     2801.420000     2817.668000
     2833.916000     2850.304000     2866.693000     2883.222000
     2899.752000     2916.424000     2933.095000     2949.910000
     2966.725000     2983.683000     3000.642000     3017.745000
     3034.848000     3052.096000     3069.344000     3086.739000
     3104.133000     3121.675000     3139.216000     3156.906000
     3174.595000     3192.433000     3210.271000     3228.258000
     3246.245000     3264.383000     3282.521000     3300.810000
     3319.098000     3337.539000     3355.980000     3374.573000
     3393.167000     3411.914000     3430.661000     3449.563000
     3468.464000     3487.521000     3506.578000     3525.791000
     3545.004000     3564.374000     3583.744000     3603.272000
     3622.800000     3642.486000     3662.173000     3682.019000
     3701.865000     3721.872000     3741.878000     3762.046000
     3782.214000     3802.544000     3822.874000     3843.366000
     3863.859000     3884.516000     3905.173000     3925.994000
     3946.816000     3967.803000     3988.790000     4009.943000
     4031.097000     4052.417000     4073.738000     4095.227000
     4116.716000     4138.374000     4160.032000     4181.860000
     4203.688000     4225.687000     4247.686000     4269.857000
     4292.027000     4314.371000     4336.714000     4359.230000
     4381.747000     4404.438000     4427.129000     4449.996000
     4472.862000     4495.905000     4518.947000     4542.167000
     4565.387000     4588.785000     4612.182000     4635.759000
     4659.335000     4683.092000     4706.848000     4730.604000
    1.044808E-09    2.089615E-09    3.134423E-09    4.179230E-09
    5.224038E-09    6.268845E-09    7.313653E-09    8.358461E-09
    9.403268E-09    1.044808E-08    1.149288E-08    1.253769E-08
    1.358250E-08    1.462731E-08    1.567211E-08    1.671692E-08
    1.776173E-08    4.360977E-08    6.945782E-08    1.426016E-07
    2.157455E-07    3.898879E-07    5.640304E-07    9.277484E-07
    1.291466E-06    1.977848E-06    2.664229E-06    3.859863E-06
    5.055497E-06    7.008809E-06    8.962123E-06    1.199139E-05
    1.502065E-05    1.952223E-05    2.402380E-05    3.048126E-05
    3.693873E-05    4.593377E-05    5.492881E-05    6.715456E-05
    7.938030E-05    9.565792E-05    1.119355E-04    1.332344E-04
    1.545332E-04    1.819938E-04    2.094544E-04    2.444125E-04
    2.793707E-04    3.233772E-04    3.673838E-04    4.222145E-04
    4.770453E-04    5.446966E-04    6.123479E-04    6.950199E-04
    7.776920E-04    8.777695E-04    9.778470E-04    1.097889E-03
    1.217930E-03    1.360670E-03    1.503409E-03    1.671772E-03
    1.840135E-03    2.037257E-03    2.234379E-03    2.463638E-03
    2.692897E-03    2.957939E-03    3.222981E-03    3.527753E-03
    3.832525E-03    4.181311E-03    4.530097E-03    4.927551E-03
    5.325004E-03    5.776191E-03    6.227376E-03    6.737810E-03
    7.248243E-03    7.823935E-03    8.399626E-03    9.047129E-03
    9.694631E-03    1.042109E-02    1.114755E-02    1.196075E-02
    1.277395E-02    1.368239E-02    1.459083E-02    1.560376E-02
    1.661669E-02    1.774417E-02    1.887165E-02    2.012465E-02
    2.137765E-02    2.276807E-02    2.415849E-02    2.569926E-02
    2.724002E-02    2.894513E-02    3.065025E-02    3.253486E-02
    3.441947E-02    3.649995E-02    3.858043E-02    4.087441E-02
    4.316840E-02    4.569486E-02    4.822132E-02    5.100058E-02
    5.377986E-02    5.683368E-02    5.988751E-02    6.323908E-02
    6.659065E-02    7.026457E-02    7.393850E-02    7.796081E-02
    8.198313E-02    8.638125E-02    9.077936E-02    9.558200E-02
    1.003846E-01    1.056217E-01    1.108588E-01    1.165613E-01
    1.222638E-01    1.284635E-01    1.346633E-01    1.413929E-01
    1.481225E-01    1.554149E-01    1.627073E-01    1.705955E-01
    1.784838E-01    1.870010E-01    1.955181E-01    2.046966E-01
    2.138752E-01    2.237468E-01    2.336185E-01    2.442140E-01
    2.548094E-01    2.661580E-01    2.775066E-01    2.896361E-01
    3.017657E-01    3.147020E-01    3.276384E-01    3.414056E-01
    3.551728E-01    3.697928E-01    3.844129E-01    3.999057E-01
    4.153984E-01    4.317816E-01    4.481647E-01    4.654539E-01
    4.827431E-01    5.009519E-01    5.191607E-01    5.383008E-01
    5.574408E-01    5.775219E-01    5.976031E-01    6.186331E-01
    6.396632E-01    6.616488E-01    6.836343E-01    7.065803E-01
    7.295263E-01    7.855403E-01    8.415544E-01    9.049183E-01
    9.682820E-01        1.034046        1.099810        1.168037
        1.236264        1.307016        1.377769        1.451113
        1.524456        1.600455        1.676453        1.755173
        1.833894        1.915402        1.996910        2.081275
        2.165639        2.252927        2.340216        2.430498
        2.520781        2.614127        2.707473        2.803955
        2.900436        3.000124        3.099812        3.202779
        3.305747        3.412068        3.518388        3.628136
        3.737885        3.851135        3.964386        4.081216
        4.198046        4.318531        4.439016        4.563235
        4.687453        4.815484        4.943514        5.075436
        5.207358        5.343251        5.479145        5.619091
        5.759036        5.903116        6.047197        6.195494
        6.343791        6.496389        6.648986        6.805969
        6.962952        7.124404        7.285857        7.451865
        7.617874        7.788525        7.959176        8.134557
        8.309938        8.490138        8.670338        8.855446
        9.040554        9.230659        9.420765        9.615959
        9.811153       10.011530       10.211900       10.417550
       10.623200       10.834210       11.045220       11.261700
       11.478170       11.700200       11.922220       12.149900
       12.377580       12.611010       12.844430       13.083700
       13.322970       13.568180       13.813400       14.064650
       14.315900       14.573300       14.830690       15.094330
       15.357960       15.627940       15.897920       16.174340
       16.450760       16.733730       17.016700       17.306320
       17.595940       17.892320       18.188690       18.491930
       18.795170       19.105370       19.415570       19.732850
       20.050130       20.374580       20.699040       21.030790
       21.362540       21.701680       22.040830       22.387480
       22.734140       23.088410       23.442680       23.804690
       24.166690       24.536540       24.906390       25.284190
       25.662000       26.047870       26.433750       26.827800
       27.221860       27.624220       28.026580       28.437360
       28.848140       29.267450       29.686760       30.114720
       30.542680       30.979410       31.416140       31.861760
       32.307380       32.762020       33.216640       33.680400
       34.144170       34.617180       35.090190       35.572580
       36.054970       36.546860       37.038740       37.540250
       38.041760       38.553010       39.064270       39.585400
       40.106530       40.637650       41.168780       41.710030
       42.251280       42.802790       43.354300       43.916190
       44.478080       45.050480       45.622880       46.205920
       46.788970       47.382790       47.976600       48.581330
       49.186050       49.801810       50.417570       51.044510
       51.671440       52.309680       52.947920       53.597600
       54.247280       54.908530       55.569790       56.242750
       56.915720       57.600540       58.285350       58.982160
       59.678970       60.387900       61.096830       61.818030
       62.539230       63.272830       64.006440       64.752590
       65.498750       66.257590       67.016430       67.788110
       68.559780       69.344430       70.129080       70.926850
       71.724620       72.535650       73.346690       74.171130
       74.995580       75.833580       76.671590       77.523290
       78.375000       79.240550       80.106120       80.985670
       81.865230       82.758950       83.652660       84.560670
       85.468680       86.391140       87.313610       88.250670
       89.187740       90.139560       91.091390       92.058120
       93.024860       94.006650       94.988460       95.985470
       96.982490       97.994880       99.007270      100.035200
      101.063100      102.106700      103.150300      104.209800
      105.269300      106.344700      107.420200      108.511800
      109.603500      110.711400      111.819400      112.943800
      114.068200      115.209300      116.350400      117.508300
      118.666200      119.841100      121.016000      122.208000
      123.400000      124.609300      125.818600      127.045400
      128.272200      129.516600      130.761000      132.023300
      133.285500      134.565700      135.845900      137.144200
      138.442500      139.759200      141.075800      142.410900
      143.746000      145.099800      146.453600      147.826200
      149.198800      150.590300      151.981900      153.392700
      154.803500      156.233500      157.663600      159.113300
      160.562900      162.032200      163.501500      164.990600
      166.479800      167.989000      169.498300      171.027700
      172.557100      174.107000      175.656800      177.227200
      178.797700      180.388900      181.980100      183.592200
      185.204300      186.837600      188.470800      190.125400
      191.780000      193.456000      195.132100      196.829800
      198.527500      200.247100      201.966700      203.708300
      205.450000      207.213800      208.977700      210.764000
      212.550200      214.359100      216.168000      217.999700
      219.831400      221.686000      223.540700      225.418500
      227.296400      229.197600      231.098800      233.023500
      234.948300      236.896800      238.845300      240.817800
      242.790200      244.786800      246.783400      248.804300
      250.825200      252.870700      254.916100      256.986300
      259.056400      261.151500      263.246600      265.366800
      267.487000      269.632500      271.778000      273.949100
      276.120100      278.316800      280.513600      282.736200
      284.958900      287.207700      289.456500      291.731600
      294.006700      296.308300      298.609900      300.938200
      303.266600      305.621900      307.977100      310.359500
      312.741900      315.151700      317.561500      319.998700
      322.436100      324.901100      327.366200      329.859200
      332.352200      334.873400      337.394600      339.944200
      342.493800      345.072000      347.650100      350.257100
      352.864100      355.500100      358.136100      360.801300
      363.466600      366.161300      368.855900      371.580300
      374.304600      377.058800      379.813000      382.597300
      385.381600      388.196200      391.010800      393.856000
      396.701100      399.577000      402.452900      405.359700
      408.266500      411.204500      414.142500      417.112000
      420.081400      423.082500      426.083500      429.116400
      432.149300      435.214200      438.279200      441.376500
      444.473700      447.603500      450.733200      453.895800
      457.058300      460.253800      463.449200      466.677900
      469.906600      473.168700      476.430800      479.726500
      483.022200      486.351900      489.681500      493.045200
      496.408900      499.807000      503.205100      506.637700
      510.070400      513.537800      517.005200      520.507800
      524.010200      527.548000      531.085700      534.658900
      538.232200      541.841200      545.450100      549.095100
      552.740100      556.421200      560.102400      563.820000
      567.537600      571.291900      575.046200      578.837400
      582.628700      586.457000      590.285400      594.151200
      598.017000      601.920400      605.823900      609.765200
      613.706500      617.685900      621.665400      625.683200
      629.701000      633.757400      637.813900      641.909200
      646.004500      650.138900      654.273300      658.447000
      662.620800      666.834200      671.047500      675.300700
      679.553900      683.847200      688.140500      692.474200
      696.807800      701.182100      705.556300      709.971400
      714.386500      718.842700      723.298900      727.796400
      732.293900      736.833100      741.372300      745.953200
      750.534200      755.157300      759.780500      764.446000
      769.111500      773.819600      778.527700      783.278700
      788.029700      792.823800      797.618000      802.455500
      807.293000      812.174200      817.055400      821.980500
      826.905600      831.874900      836.844200      841.857900
      846.871600      851.930100      856.988500      862.091900
      867.195300      872.343900      877.492600      882.686600
      887.880800      893.120700      898.360500      903.646400
      908.932300      914.264500      919.596700      924.975500
      930.354200      935.779800      941.205400      946.678100
      952.150800      957.670800      963.190900      968.758500
      974.326200      979.941800      985.557400      991.221200
      996.884900     1002.597000     1008.309000     1014.070000
     1019.831000     1025.641000     1031.451000     1037.311000
     1043.170000     1049.079000     1054.987000     1060.946000
     1066.905000     1072.913000     1078.922000     1084.981000
     1091.040000     1097.150000     1103.260000     1109.421000
     1115.581000     1121.793000     1128.005000     1134.269000
     1140.532000     1146.847000     1153.163000     1159.530000
     1165.897000     1172.317000     1178.737000     1185.209000
     1191.681000     1198.207000     1204.732000     1211.310000
     1217.889000     1224.521000     1231.153000     1237.838000
     1244.524000     1251.264000     1258.004000     1264.798000
     1271.592000     1278.441000     1285.290000     1292.193000
     1299.097000     1306.056000     1313.015000     1320.030000
     1327.044000     1334.115000     1341.185000     1348.311000
     1355.438000     1362.621000     1369.804000     1377.043000
     1384.283000     1391.579000     1398.876000     1406.230000
     1413.583000     1420.995000     1428.406000     1435.876000
     1443.345000     1450.872000     1458.400000     1465.986000
     1473.572000     1481.217000     1488.861000     1496.565000
     1504.269000     1512.032000     1519.796000     1527.559000
